0.0076140097950000004 0.0
0.022842029385 0.0
0.038070048975 0.0
0.053298068565 0.0
0.068526088155 0.0
0.083754107745 0.0
0.098982127335 0.0
0.114210146925 0.0
0.129438166515 0.0
0.144666186105 0.0
0.159894205695 0.0
0.17512222528500002 0.0
0.19035024487500002 0.0
0.20557826446500002 0.0
0.22080628405500002 0.0
0.23603430364500003 0.0
0.25126232323500003 0.0
0.266490342825 0.0
0.28171836241500003 0.0
0.296946382005 0.0
0.31217440159500004 0.0
0.327402421185 0.0
0.34263044077500004 0.0
0.357858460365 0.0
0.373086479955 0.0
0.388314499545 0.0
0.403542519135 0.0
0.41877053872500003 0.0
0.433998558315 0.0
0.44922657790500004 0.0
0.464454597495 0.0
0.47968261708500004 0.0
0.494910636675 0.0
0.510138656265 0.0
0.5253666758550001 0.0
0.540594695445 0.0
0.555822715035 0.0
0.571050734625 0.0
0.5862787542150001 0.0
0.6015067738050001 0.0
0.616734793395 0.0
0.631962812985 0.0
0.647190832575 0.0
0.6624188521650001 0.0
0.677646871755 0.0
0.692874891345 0.0
0.708102910935 0.0
0.7233309305250001 0.0
0.7385589501150001 0.0
0.753786969705 0.0
0.769014989295 0.0
0.7842430088850001 0.0
0.7994710284750001 0.0
0.814699048065 0.0
0.829927067655 0.0
0.8451550872450001 0.0
0.8603831068350001 0.0
0.875611126425 0.0
0.890839146015 0.0
0.906067165605 0.0
0.9212951851950001 0.0
0.9365232047850001 0.0
0.951751224375 0.0
0.966979243965 0.0
0.9822072635550001 0.0
0.9974352831450001 0.0
1.012663302735 0.0
1.0278913223250001 0.0
1.043119341915 0.0
1.058347361505 0.0
1.0735753810950002 0.0
1.088803400685 0.0
1.1040314202750001 0.0
1.119259439865 0.0
1.134487459455 0.0
1.1497154790450002 0.0
1.164943498635 0.0
1.180171518225 0.0
1.195399537815 0.0
1.210627557405 0.0
1.2258555769950001 0.0
1.241083596585 0.0
1.256311616175 0.0
1.2715396357650002 0.0
1.286767655355 0.0
1.3019956749450001 0.0
1.317223694535 0.0
1.332451714125 0.0
1.3476797337150002 0.0
1.362907753305 0.0
1.378135772895 0.0
1.393363792485 0.0
1.408591812075 0.015817037
1.4238198316650001 0.049021635
1.439047851255 0.27278322
1.454275870845 0.97689515
1.4695038904350002 2.9816804
1.484731910025 6.7077107
1.4999599296150001 12.374904
1.515187949205 18.725384
1.530415968795 23.124691
1.5456439883850002 22.592463
1.560872007975 18.750963
1.5761000275650001 12.246215
1.591328047155 6.8285503
1.606556066745 2.8898342
1.6217840863350002 1.0301226
1.637012105925 0.32205158
1.652240125515 0.049816404
1.6674681451050002 0.011287078
1.682696164695 0.0018472855
1.6979241842850001 0.0
1.713152203875 0.0
1.728380223465 0.0
1.7436082430550002 0.0
1.758836262645 0.0
1.7740642822350001 0.0
1.7892923018250002 0.0
1.804520321415 0.0
1.8197483410050002 0.0
1.834976360595 0.0
1.850204380185 0.0
1.8654323997750002 0.0
1.880660419365 0.0
1.8958884389550001 0.0
1.911116458545 0.0
1.926344478135 0.0
1.9415724977250002 0.0
1.956800517315 0.0
1.9720285369050001 0.0
1.9872565564950002 0.0
2.002484576085 0.0
2.017712595675 0.0
2.0329406152650003 0.0
2.048168634855 0.0
2.063396654445 0.0
2.0786246740350003 0.0
2.093852693625 0.0
2.109080713215 0.0
2.1243087328050003 0.0
2.139536752395 0.0
2.154764771985 0.0
2.169992791575 0.0
2.185220811165 0.0
2.200448830755 0.0
2.215676850345 0.0
2.2309048699350003 0.0
2.246132889525 0.0
2.261360909115 0.0
2.2765889287050003 0.003027602
2.291816948295 0.001991668
2.307044967885 0.0029481933
2.3222729874750003 0.009698852
2.337501007065 0.0124447625
2.352729026655 0.034962688
2.367957046245 0.05223809
2.3831850658350002 0.09761965
2.398413085425 0.16003378
2.413641105015 0.26935363
2.4288691246050003 0.42469218
2.444097144195 0.6715919
2.459325163785 0.911498
2.4745531833750003 1.2112385
2.489781202965 1.6504165
2.505009222555 2.0330133
2.5202372421450003 2.5594418
2.535465261735 2.9624598
2.550693281325 3.3436403
2.565921300915 3.3747761
2.5811493205050002 3.4677541
2.596377340095 3.2254593
2.611605359685 2.991631
2.6268333792750003 2.6083558
2.642061398865 2.1422768
2.657289418455 1.7570503
2.6725174380450003 1.313798
2.687745457635 0.9209967
2.702973477225 0.61569005
2.7182014968150003 0.4459894
2.733429516405 0.27722138
2.748657535995 0.15161778
2.7638855555850004 0.08764299
2.7791135751750002 0.06501386
2.794341594765 0.051579732
2.809569614355 0.04042012
2.8247976339450003 0.044574
2.840025653535 0.046042744
2.855253673125 0.05645997
2.8704816927150003 0.062845334
2.885709712305 0.072233714
2.900937731895 0.0795574
2.9161657514850003 0.0897999
2.931393771075 0.096782364
2.946621790665 0.11024267
2.9618498102550004 0.114478156
2.9770778298450002 0.122752525
2.992305849435 0.14195208
3.007533869025 0.14687915
3.0227618886150003 0.17402562
3.037989908205 0.17908612
3.053217927795 0.17786528
3.0684459473850003 0.18721493
3.083673966975 0.1875707
3.098901986565 0.19880381
3.1141300061550004 0.20117912
3.129358025745 0.22486359
3.144586045335 0.23485704
3.1598140649250004 0.19592783
3.1750420845150003 0.20027924
3.190270104105 0.21121974
3.205498123695 0.20667244
3.2207261432850003 0.18656996
3.235954162875 0.18531765
3.251182182465 0.17913216
3.2664102020550003 0.17599513
3.281638221645 0.16513729
3.296866241235 0.15735942
3.3120942608250004 0.14971727
3.327322280415 0.15212962
3.342550300005 0.14091533
3.3577783195950004 0.13407305
3.3730063391850003 0.14251976
3.388234358775 0.12301684
3.403462378365 0.13681963
3.4186903979550003 0.12889042
3.433918417545 0.13218556
3.449146437135 0.12838294
3.4643744567250003 0.1407669
3.479602476315 0.15033764
3.494830495905 0.16658853
3.5100585154950004 0.1638726
3.5252865350850002 0.1670896
3.540514554675 0.18943962
3.5557425742650004 0.19940414
3.5709705938550003 0.22026703
3.586198613445 0.22612776
3.601426633035 0.2568846
3.6166546526250003 0.28511706
3.631882672215 0.29462728
3.647110691805 0.31458634
3.6623387113950003 0.3377137
3.677566730985 0.31751907
3.692794750575 0.367454
3.7080227701650004 0.40210363
3.7232507897550002 0.4101406
3.738478809345 0.45957494
3.7537068289350004 0.47107357
3.7689348485250003 0.5331865
3.784162868115 0.5511851
3.799390887705 0.6123597
3.8146189072950003 0.708128
3.829846926885 0.82090014
3.845074946475 0.8996728
3.8603029660650003 1.0350941
3.875530985655 1.1230915
3.890759005245 1.2577102
3.9059870248350004 1.326432
3.9212150444250002 1.419904
3.936443064015 1.4487706
3.9516710836050004 1.4329369
3.9668991031950003 1.4372464
3.982127122785 1.391311
3.9973551423750004 1.2890748
4.012583161965 1.2123874
4.027811181555 1.1332742
4.0430392011450005 1.0447568
4.058267220735 0.9324438
4.073495240325 0.90877867
4.0887232599150005 0.8860653
4.103951279505 0.85434663
4.119179299095 0.79101217
4.1344073186850006 0.80998194
4.149635338275 0.82379234
4.164863357865 0.81747776
4.180091377455001 0.8522438
4.195319397045 0.82675153
4.210547416635 0.88244414
4.225775436225001 0.87082326
4.241003455815 0.88668245
4.256231475405 0.8979618
4.271459494995001 0.8861237
4.286687514585 0.93790686
4.301915534175 0.9389097
4.317143553765 0.948575
4.332371573355 0.9580815
4.347599592945 0.95442563
4.362827612535 1.0197713
4.378055632125 1.0075048
4.3932836517150005 1.0235674
4.408511671305 1.0488042
4.423739690895 1.0856973
4.4389677104850005 1.054105
4.454195730075 1.0925194
4.469423749665 1.0895387
4.4846517692550005 1.1068586
4.499879788845 1.1518174
4.515107808435 1.1414953
4.530335828025001 1.1603389
4.545563847615 1.210295
4.560791867205 1.1640046
4.576019886795001 1.1487767
4.591247906385 1.1751633
4.606475925975 1.2048739
4.621703945565001 1.1842136
4.636931965155 1.1693935
4.652159984745 1.1745595
4.667388004335001 1.2041239
4.682616023925 1.2094249
4.697844043515 1.1925908
4.713072063105001 1.161585
4.728300082695 1.2062876
4.743528102285 1.1843752
4.758756121875 1.1474737
4.773984141465 1.2000649
4.7892121610550005 1.1865163
4.804440180645 1.1486422
4.819668200235 1.1287856
4.8348962198250005 1.1657662
4.850124239415 1.1724656
4.865352259005 1.1825938
4.8805802785950005 1.1664422
4.895808298185 1.182547
4.911036317775 1.1552726
4.926264337365001 1.1778848
4.941492356955 1.1886296
4.956720376545 1.2139099
4.971948396135001 1.2579017
4.987176415725 1.2374033
5.002404435315 1.2800462
5.017632454905001 1.3063601
5.032860474495 1.3015642
5.048088494085 1.3232802
5.063316513675001 1.3596056
5.078544533265 1.3788424
5.093772552855 1.3770614
5.109000572445001 1.3766798
5.124228592035 1.4079514
5.1394566116250004 1.3788279
5.154684631215 1.3868353
5.169912650805 1.3984427
5.1851406703950005 1.3725369
5.200368689985 1.3778558
5.215596709575 1.3127136
5.2308247291650005 1.3366238
5.246052748755 1.291244
5.261280768345 1.2643176
5.2765087879350006 1.246134
5.291736807525 1.228699
5.306964827115 1.2272294
5.322192846705001 1.2420062
5.337420866295 1.2106934
5.352648885885 1.1976073
5.367876905475001 1.1861023
5.383104925065 1.2162236
5.398332944655 1.2131408
5.413560964245001 1.1786616
5.428788983835 1.2054242
5.444017003425 1.2008078
5.459245023015001 1.1716537
5.474473042605 1.180503
5.489701062195 1.1848972
5.504929081785001 1.1747261
5.520157101375 1.1725451
5.5353851209650005 1.187441
5.550613140555 1.1755017
5.565841160145 1.1753255
5.5810691797350005 1.1658978
5.596297199325 1.152046
5.611525218915 1.1572632
5.6267532385050005 1.1592681
5.641981258095 1.1564693
5.657209277685 1.1350524
5.672437297275001 1.1627785
5.687665316865 1.1403915
5.702893336455 1.1494272
5.718121356045001 1.1423533
5.733349375635 1.1168802
5.748577395225 1.1400944
5.763805414815001 1.1251037
5.779033434405 1.1212181
5.794261453995 1.0994414
5.809489473585001 1.1141424
5.824717493175 1.096916
5.839945512765 1.1162015
5.855173532355001 1.1215408
5.870401551945 1.1037391
5.885629571535 1.0913912
5.900857591125001 1.0928257
5.916085610715 1.0770448
5.9313136303050005 1.0929312
5.946541649895001 1.0815719
5.961769669485 1.07988
5.9769976890750005 1.0696992
5.992225708665 1.0899073
6.007453728255 1.0552572
6.0226817478450005 1.0339214
6.037909767435 1.0908372
6.053137787025 1.0578041
6.068365806615001 1.0580413
6.083593826205 1.0608069
6.098821845795 1.0711253
6.114049865385001 1.0897231
6.129277884975 1.0195737
6.144505904565 1.0371082
6.159733924155001 1.0379145
6.174961943745 1.0421296
6.190189963335 1.0331866
6.205417982925001 1.0377661
6.220646002515 1.0110644
6.235874022105 1.0283265
6.251102041695001 1.0432669
6.266330061285 1.0291445
6.2815580808750004 1.036754
6.296786100465001 1.0171025
6.312014120055 1.0031421
6.3272421396450005 1.027455
6.342470159235001 1.0160258
6.357698178825 1.0251402
6.3729261984150005 1.0317088
6.388154218005 1.0343581
6.403382237595 1.0538092
6.418610257185001 1.0471643
6.433838276775 1.0391806
6.449066296365 1.0332727
6.464294315955001 1.0294117
6.479522335545 1.0315554
6.494750355135 1.0316838
6.509978374725001 1.0268629
6.525206394315 1.0202329
6.540434413905 1.0171995
6.555662433495001 0.9986048
6.570890453085 0.9908319
6.586118472675 0.97226757
6.601346492265001 0.96550655
6.616574511855 0.9899807
6.631802531445 0.9672435
6.647030551035001 0.9713404
6.662258570625 0.9525282
6.6774865902150005 0.95686936
6.692714609805001 0.94142646
6.707942629395 0.9475027
6.7231706489850005 0.95779574
6.738398668575001 0.94990057
6.753626688165 0.956172
6.7688547077550005 0.9392027
6.784082727345 0.93544567
6.799310746935 0.9562643
6.814538766525001 0.94050646
6.829766786115 0.94326943
6.844994805705 0.9246761
6.860222825295001 0.9481384
6.875450844885 0.9305546
6.890678864475 0.96522254
6.905906884065001 0.9322357
6.921134903655 0.93337923
6.936362923245 0.9178705
6.951590942835001 0.95898885
6.966818962425 0.9318471
6.982046982015 0.95106995
6.997275001605001 0.9253553
7.012503021195 0.93304104
7.027731040785 0.9168228
7.042959060375001 0.93606097
7.058187079965 0.92992634
7.0734150995550005 0.91181356
7.088643119145001 0.91008615
7.103871138735 0.9161387
7.1190991583250005 0.8924084
7.134327177915001 0.9184044
7.149555197505 0.91357535
7.1647832170950005 0.9150964
7.180011236685001 0.90969694
7.195239256275 0.9192877
7.210467275865001 0.90846705
7.225695295455 0.9068459
7.240923315045 0.9098194
7.256151334635001 0.8923947
7.271379354225 0.90053207
7.286607373815 0.9009096
7.301835393405001 0.8815574
7.317063412995 0.9012411
7.332291432585 0.9216295
7.347519452175001 0.91151553
7.362747471765 0.89887214
7.377975491355 0.8859409
7.393203510945001 0.9043046
7.408431530535 0.90421224
7.4236595501250005 0.89101547
7.438887569715001 0.89833575
7.454115589305 0.9081306
7.4693436088950005 0.8937437
7.484571628485001 0.9028091
7.499799648075 0.90072745
7.5150276676650005 0.8919869
7.530255687255001 0.90729254
7.545483706845 0.90510404
7.560711726435001 0.9170168
7.575939746025001 0.90977985
7.591167765615 0.90277505
7.606395785205001 0.9156176
7.621623804795 0.92186725
7.636851824385 0.9304813
7.652079843975001 0.9149009
7.667307863565 0.9283533
7.682535883155 0.9453255
7.697763902745001 0.9332033
7.712991922335 0.9282911
7.728219941925 0.9302413
7.743447961515001 0.9267606
7.758675981105 0.91374207
7.773904000695 0.9208981
7.789132020285001 0.91842157
7.804360039875 0.9187054
7.8195880594650005 0.92659336
7.834816079055001 0.91881967
7.850044098645 0.92442536
7.8652721182350005 0.9234703
7.880500137825001 0.92916954
7.895728157415 0.92055494
7.9109561770050005 0.9102445
7.926184196595001 0.92889667
7.941412216185 0.9156339
7.956640235775001 0.92964804
7.971868255365001 0.9099679
7.987096274955 0.9249495
8.002324294545 0.93858546
8.017552314135001 0.9389292
8.032780333725 0.9283203
8.048008353315 0.9337744
8.063236372905001 0.94328374
8.078464392495 0.94013166
8.093692412085 0.9302096
8.108920431675001 0.94382167
8.124148451265 0.9468644
8.139376470855 0.94845665
8.154604490445001 0.95026636
8.169832510035 0.9515858
8.185060529625 0.9407875
8.200288549215001 0.95192003
8.215516568805 0.95126176
8.230744588395 0.9518372
8.245972607985001 0.9480172
8.261200627575 0.941843
8.276428647165 0.9712912
8.291656666755001 0.9722916
8.306884686345 0.96622866
8.322112705935 0.96186507
8.337340725525001 0.9539903
8.352568745115 0.9674589
8.367796764705 0.95632136
8.383024784295001 0.9735417
8.398252803885 0.9678637
8.413480823475 0.9670234
8.428708843065001 0.98922753
8.443936862655 0.95910645
8.459164882245 0.9922775
8.474392901835001 0.96409684
8.489620921425 0.9737044
8.504848941015 0.9733301
8.520076960605001 0.9711509
8.535304980195 0.98420215
8.550532999785 0.9784103
8.565761019375001 1.0035211
8.580989038965 0.9977604
8.596217058555 0.9895568
8.611445078145001 0.9881056
8.626673097735 0.9957955
8.641901117325 0.99305964
8.657129136915 0.99696696
8.672357156505 0.9979893
8.687585176095 0.9903356
8.702813195685 0.99585074
8.718041215275 1.0084097
8.733269234865 1.0120969
8.748497254455 1.0020843
8.763725274045001 0.9989453
8.778953293635 1.012246
8.794181313225 1.0030622
8.809409332815001 1.0051917
8.824637352405 1.0030016
8.839865371995 1.0245159
8.855093391585001 1.0115898
8.870321411175 1.0143683
8.885549430765 1.0166581
8.900777450355001 1.0134465
8.916005469945 1.0264369
8.931233489535 1.0094972
8.946461509125001 1.0207019
8.961689528715 1.0203623
8.976917548305 1.0239782
8.992145567895001 1.0398546
9.007373587485 1.0258976
9.022601607075 1.0341957
9.037829626665001 1.018867
9.053057646255 1.0151869
9.068285665845 1.0307349
9.083513685435001 1.036347
9.098741705025 1.0271946
9.113969724615 1.04656
9.129197744205001 1.0278208
9.144425763795 1.0244005
9.159653783385 1.0464957
9.174881802975001 1.037246
9.190109822565 1.0385181
9.205337842155 1.0218756
9.220565861745001 1.0295156
9.235793881335 1.0428637
9.251021900925 1.0386387
9.266249920515001 1.0344968
9.281477940105 1.0394232
9.296705959695 1.039652
9.311933979285001 1.0340226
9.327161998875 1.0338355
9.342390018465 1.0422139
9.357618038055001 1.0448577
9.372846057645 1.0587913
9.388074077235 1.0444396
9.403302096825001 1.0339018
9.418530116415 1.0486629
9.433758136005 1.0422239
9.448986155595 1.0439641
9.464214175185 1.045279
9.479442194775 1.035928
9.494670214365 1.0402085
9.509898233955001 1.0197605
9.525126253545 1.0533414
9.540354273135 1.0422809
9.555582292725001 1.0463512
9.570810312315 1.0308043
9.586038331905 1.0417621
9.601266351495001 1.0376658
9.616494371085 1.0525945
9.631722390675 1.0455476
9.646950410265001 1.0430362
9.662178429855 1.0466985
9.677406449445 1.0408937
9.692634469035001 1.0480926
9.707862488625 1.043808
9.723090508215 1.0383832
9.738318527805001 1.0477135
9.753546547395 1.039551
9.768774566985 1.0381762
9.784002586575001 1.0416131
9.799230606165 1.0451872
9.814458625755 1.0414033
9.829686645345001 1.0386664
9.844914664935 1.0391253
9.860142684525 1.0506593
9.875370704115001 1.0306877
9.890598723705 1.0379429
9.905826743295 1.0424833
9.921054762885001 1.0419958
9.936282782475 1.0506715
9.951510802065 1.0334092
9.966738821655001 1.0336237
9.981966841245 1.0388191
9.997194860835 1.0272832
10.012422880425001 1.0279696
10.027650900015 1.0295314
10.042878919605 1.0220554
10.058106939195001 1.0312165
10.073334958785 1.037328
10.088562978375 1.0383614
10.103790997965001 1.0433805
10.119019017555 1.0361048
10.134247037145 1.0214325
10.149475056735001 1.0205531
10.164703076325 1.0414935
10.179931095915 1.031667
10.195159115505001 1.0336196
10.210387135095 1.0314921
10.225615154685 1.0408779
10.240843174275001 1.0420738
10.256071193865 1.0275943
10.271299213455 1.0289621
10.286527233045 1.0237428
10.301755252635001 1.0169728
10.316983272225 1.0242432
10.332211291815 1.0211283
10.347439311405001 1.0152428
10.362667330995 1.0215157
10.377895350585 1.0254165
10.393123370175001 1.0395557
10.408351389765 1.0269079
10.423579409355 1.0152444
10.438807428945001 1.0216925
10.454035448535 0.9997174
10.469263468125 1.0054011
10.484491487715001 1.0188514
10.499719507305 1.0195988
10.514947526895 1.017736
10.530175546485001 1.0172945
10.545403566075 1.0169456
10.560631585665 1.0047288
10.575859605255001 1.0048304
10.591087624845 1.0105696
10.606315644435 1.0142257
10.621543664025001 1.0264341
10.636771683615 1.0195214
10.651999703205 1.0155482
10.667227722795001 1.015087
10.682455742385 1.0067863
10.697683761975 1.0116464
10.712911781565001 1.016657
10.728139801155 1.0091373
10.743367820745 1.0050097
10.758595840335001 1.00533
10.773823859925 1.0063653
10.789051879515 1.0132773
10.804279899105001 1.009975
10.819507918695 1.0083404
10.834735938285 0.9927202
10.849963957875001 1.0065086
10.865191977465 1.0020498
10.880419997055 1.0102928
10.895648016645001 1.0166792
10.910876036235 1.0039574
10.926104055825 0.9999779
10.941332075415001 0.9971526
10.956560095005 1.0158198
10.971788114595 0.99266726
10.987016134185001 1.0028732
11.002244153775 0.9830741
11.017472173365 0.998629
11.032700192955001 0.9939404
11.047928212545001 0.99608755
11.063156232135 1.001638
11.078384251725002 0.9945392
11.093612271315001 0.99079067
11.108840290905 1.0119389
11.124068310495 0.9923049
11.139296330085001 0.98946726
11.154524349675 0.9886592
11.169752369265 0.9928408
11.184980388855001 0.9924806
11.200208408445 0.99399495
11.215436428035 0.9959964
11.230664447625001 0.99147254
11.245892467215 0.9887065
11.261120486805 0.9973771
11.276348506395001 0.99661845
11.291576525985 0.9933168
11.306804545575 0.98716533
11.322032565165001 0.99434537
11.337260584755 0.9994486
11.352488604345 0.984553
11.367716623935001 0.9883527
11.382944643525 0.9880514
11.398172663115 1.0001887
11.413400682705001 0.98668015
11.428628702295 0.9838123
11.443856721885 0.98502994
11.459084741475001 0.982812
11.474312761065 0.98676014
11.489540780655 0.9804217
11.504768800245001 0.968897
11.519996819835 0.9734315
11.535224839425 0.9783319
11.550452859015001 0.9799882
11.565680878605 0.97971636
11.580908898195 0.9891925
11.596136917785001 0.98344547
11.611364937375 0.98424286
11.626592956965 0.9866191
11.641820976555001 0.975009
11.657048996145 0.97111607
11.672277015735 0.9797558
11.687505035325001 0.97708946
11.702733054915 0.99799824
11.717961074505 0.9858828
11.733189094095001 0.9775123
11.748417113685 0.97895896
11.763645133275 0.98576206
11.778873152865001 0.9806136
11.794101172455001 0.9860923
11.809329192045 0.9784876
11.824557211635002 0.9795977
11.839785231225001 0.99058676
11.855013250815 0.96779734
11.870241270405002 0.9875889
11.885469289995001 0.9749886
11.900697309585 0.98453486
11.915925329175 0.97642076
11.931153348765001 0.9716518
11.946381368355 0.97701937
11.961609387945 0.9857563
11.976837407535001 0.97628653
11.992065427125 0.9766093
12.007293446715 0.97181183
12.022521466305001 0.9827047
12.037749485895 0.9744446
12.052977505485 0.97914886
12.068205525075001 0.9777209
12.083433544665 0.9868291
12.098661564255 0.97201854
12.113889583845001 0.99320793
12.129117603435 0.99807525
12.144345623025 0.9901832
12.159573642615001 0.98285806
12.174801662205 0.97962457
12.190029681795 0.9810153
12.205257701385001 0.98078096
12.220485720975 0.98947597
12.235713740565 0.9786296
12.250941760155001 0.9810773
12.266169779745 0.9933828
12.281397799335 0.9745183
12.296625818925001 0.984663
12.311853838515 0.98688716
12.327081858105 0.98328006
12.342309877695001 0.9840828
12.357537897285 0.9791243
12.372765916875 0.9773307
12.387993936465001 0.9924825
12.403221956055 0.98219293
12.418449975645 0.9818545
12.433677995235001 0.9830035
12.448906014825 0.9897803
12.464134034415 0.99046075
12.479362054005001 0.98005146
12.494590073595 0.9966611
12.509818093185 0.98501134
12.525046112775001 0.98681873
12.540274132365 0.99004465
12.555502151955 0.9900003
12.570730171545001 1.0016376
12.585958191135001 0.9876583
12.601186210725 0.98441625
12.616414230315002 0.9953827
12.631642249905001 0.99219745
12.646870269495 0.99115026
12.662098289085002 0.9807422
12.677326308675001 1.0041962
12.692554328265 0.9910737
12.707782347855002 0.99203604
12.723010367445001 0.9913107
12.738238387035 0.98339754
12.753466406625 0.99848026
12.768694426215001 0.9858661
12.783922445805 0.9874554
12.799150465395 0.99995416
12.814378484985001 0.9955404
12.829606504575 0.99400467
12.844834524165 0.99329776
12.860062543755001 0.99594384
12.875290563345 0.9975019
12.890518582935 0.98321635
12.905746602525001 0.9845717
12.920974622115 0.9824403
12.936202641705 1.002508
12.951430661295001 0.9983122
12.966658680885 0.9996086
12.981886700475 0.9850054
12.997114720065001 1.0006267
13.012342739655 1.0002631
13.027570759245 0.9988197
13.042798778835001 0.993783
13.058026798425 1.0035527
13.073254818015 1.0002367
13.088482837605001 0.99400246
13.103710857195 0.99574494
13.118938876785 1.0045882
13.134166896375001 1.0053529
13.149394915965 1.0039635
13.164622935555 0.9962398
13.179850955145001 1.0007141
13.195078974735 1.0016501
13.210306994325 1.0044075
13.225535013915001 1.0029331
13.240763033505 0.9887533
13.255991053095 1.0016637
13.271219072685001 0.9937534
13.286447092275 1.0144992
13.301675111865 1.0031317
13.316903131455001 0.9950284
13.332131151045001 1.0001428
13.347359170635 1.0015321
13.362587190225002 1.001184
13.377815209815001 1.0027055
13.393043229405 0.9993477
13.408271248995002 1.0032469
13.423499268585001 0.99574697
13.438727288175 1.0234675
13.453955307765002 0.9997684
13.469183327355001 0.9991236
13.484411346945 1.0065337
13.499639366535002 1.0106933
13.514867386125001 1.0008283
13.530095405715 1.004434
13.545323425305 1.0027469
13.560551444895001 1.0088018
13.575779464485 0.99953
13.591007484075 1.0046822
13.606235503665001 1.0124645
13.621463523255 1.0068474
13.636691542845 1.010591
13.651919562435001 1.0143998
13.667147582025 1.0058401
13.682375601615 1.0077095
13.697603621205001 1.0153668
13.712831640795 0.9988712
13.728059660385 1.0020685
13.743287679975001 1.0055261
13.758515699565 1.008441
13.773743719155 1.0113956
13.788971738745001 1.0055592
13.804199758335 1.0110824
13.819427777925 1.0017892
13.834655797515001 1.0122926
13.849883817105 1.0112948
13.865111836695 1.0030345
13.880339856285001 1.007812
13.895567875875 0.99555427
13.910795895465 1.0058637
13.926023915055001 1.0065509
13.941251934645 1.0091435
13.956479954235 1.0060295
13.971707973825001 1.0170475
13.986935993415 1.0088185
14.002164013005 1.0027837
14.017392032595001 1.0106686
14.032620052185 1.0110263
14.047848071775 1.0179533
14.063076091365001 1.0037955
14.078304110955001 1.0085396
14.093532130545 1.0004362
14.108760150135002 1.0044003
14.123988169725001 1.0076631
14.139216189315 1.01193
14.154444208905002 1.0092578
14.169672228495001 1.0090436
14.184900248085 1.0006393
14.200128267675002 1.008948
14.215356287265001 1.0079005
14.230584306855 1.0137515
14.245812326445002 1.0066626
14.261040346035001 1.0131811
14.276268365625 1.003065
14.291496385215002 1.0011591
14.306724404805001 1.0087907
14.321952424395 1.0032296
14.337180443985002 1.0128303
14.352408463575001 1.0083969
14.367636483165 1.0023077
14.382864502755 1.0078224
14.398092522345001 1.005616
14.413320541935 1.0027368
14.428548561525 1.0046664
14.443776581115001 1.0099704
14.459004600705 1.0036659
14.474232620295 1.0025539
14.489460639885001 1.0070001
14.504688659475 1.0088397
14.519916679065 1.0104959
14.535144698655001 1.0081568
14.550372718245 1.0084689
14.565600737835 1.005449
14.580828757425001 1.004777
14.596056777015 1.0115691
14.611284796605 0.9983876
14.626512816195001 1.0109794
14.641740835785 1.0121957
14.656968855375 1.005224
14.672196874965001 1.0073419
14.687424894555 1.0086244
14.702652914145 1.0117143
14.717880933735001 1.0059757
14.733108953325 1.0015839
14.748336972915 1.0045906
14.763564992505001 1.0027833
14.778793012095 1.0032084
14.794021031685 1.0050875
14.809249051275001 1.0020676
14.824477070865 0.9954164
14.839705090455 1.0048704
14.854933110045001 1.0061771
14.870161129635001 1.0097709
14.885389149225 1.0140324
14.900617168815002 1.010618
14.915845188405001 1.0059224
14.931073207995 1.0032381
14.946301227585002 1.000867
14.961529247175001 0.99999905
14.976757266765 1.0024904
14.991985286355002 0.9998731
15.007213305945001 0.99961007
15.022441325535 1.003008
15.037669345125002 1.0016253
15.052897364715001 0.9996229
15.068125384305 1.0054822
15.083353403895002 1.0032
15.098581423485001 1.0043437
15.113809443075 1.007931
15.129037462665002 1.0077311
15.144265482255001 1.0052038
15.159493501845 0.9989747
15.174721521435002 1.0027175
15.189949541025001 0.99619687
15.205177560615 1.0065099
15.220405580205 1.0024648
15.235633599795001 1.0087767
15.250861619385 0.99929696
15.266089638975 1.0002221
15.281317658565001 1.0068307
15.296545678155 1.002614
15.311773697745 1.005395
15.327001717335001 1.0050459
15.342229736925 0.9946521
15.357457756515 1.0069628
15.372685776105001 1.0012946
15.387913795695 1.0002857
15.403141815285 1.0062455
15.418369834875001 1.0036868
15.433597854465 0.99931353
15.448825874055 1.0035027
15.464053893645001 1.0049176
15.479281913235 1.0021555
15.494509932825 0.99380314
15.509737952415001 1.0079215
15.524965972005 1.0023427
15.540193991595 0.99983776
15.555422011185001 1.0037392
15.570650030775 1.0024889
15.585878050365 0.99775314
15.601106069955001 1.0008135
15.616334089545001 0.9992916
15.631562109135 0.99571866
15.646790128725002 0.9990372
15.662018148315001 1.0011468
15.677246167905 0.9956488
15.692474187495002 0.9929952
15.707702207085001 0.9903288
15.722930226675 1.0022701
15.738158246265002 0.99399626
15.753386265855001 1.0039417
15.768614285445 1.0032657
15.783842305035002 1.0007219
15.799070324625001 0.9905794
15.814298344215 0.9952607
15.829526363805002 1.0009241
15.844754383395001 0.9961468
15.859982402985 1.0030724
15.875210422575002 1.000049
15.890438442165001 0.99751174
15.905666461755 1.0082144
15.920894481345002 0.9973721
15.936122500935001 1.0076803
15.951350520525 0.99175817
15.966578540115002 1.0048245
15.981806559705001 0.99005014
15.997034579295 1.0030665
16.012262598885002 0.9993439
16.027490618475 0.9883237
16.042718638065 0.9965083
16.057946657655002 0.9881078
16.073174677245 0.9940312
16.088402696835 0.995323
16.103630716425002 0.9986251
16.118858736015 1.0040268
16.134086755605 0.99471784
16.149314775195002 0.9892327
16.164542794785 0.99693835
16.179770814375 0.99853927
16.194998833965002 0.9900612
16.210226853555 0.9986722
16.225454873145 0.99544746
16.240682892735002 0.99508876
16.255910912325 0.99395764
16.271138931915 0.99160415
16.286366951505002 0.9989203
16.301594971095 1.0015032
16.316822990685 0.98818105
16.332051010275002 0.9952419
16.347279029865 0.9950914
16.362507049455 0.9924
16.377735069045002 0.9922129
16.392963088635 0.9880736
16.408191108225 1.0004423
16.423419127815002 0.9985103
16.438647147405 0.99313843
16.453875166995 0.996189
16.469103186585002 0.9976067
16.484331206175 0.99283856
16.499559225765 0.9948878
16.514787245355002 0.98639923
16.530015264945 0.9978485
16.545243284535 0.9988213
16.560471304125002 1.001162
16.575699323715 0.9941453
16.590927343305 0.99994105
16.606155362895002 1.004557
16.621383382485 0.9945571
16.636611402075 1.0070053
16.651839421665002 1.0008823
16.667067441255 0.9949683
16.682295460845 0.9961974
16.697523480435002 0.9964636
16.712751500025 0.9962028
16.727979519615 0.9960535
16.743207539205002 0.9960337
16.758435558795 0.99442923
16.773663578385 0.9914347
16.788891597975002 1.0008267
16.804119617565 1.0034963
16.819347637155 0.99245363
16.834575656745002 0.99726635
16.849803676335 0.99621993
16.865031695925 0.9949182
16.880259715515002 0.9960059
16.895487735105 1.0015774
16.910715754695 0.99891466
16.925943774285003 1.0085108
16.941171793875 1.0011765
16.956399813465 0.9974688
16.971627833055003 0.9991118
16.986855852645 1.0010916
17.002083872235 0.9977069
17.017311891825003 0.9935198
17.032539911415 0.9970268
17.047767931005 0.9991699
17.062995950595003 0.9936684
17.078223970185 0.9945871
17.093451989775 0.99960047
17.108680009365003 1.0004845
17.123908028955 1.001328
17.139136048545 0.99073535
17.154364068135003 0.9995708
17.169592087725 0.99641454
17.184820107315 1.0026906
17.200048126905003 0.9936846
17.215276146495 0.9964985
17.230504166085 1.0004814
17.245732185675 0.99808216
17.260960205265 0.9982003
17.276188224855 0.9988072
17.291416244445 0.9941797
17.306644264035 0.99683166
17.321872283625 0.99521923
17.337100303215 1.0093422
17.352328322805 1.0007619
17.367556342395 0.99869555
17.382784361985 0.99090517
17.398012381575 1.0040323
17.413240401165 0.99965495
17.428468420755 0.99982023
17.443696440345 0.9966142
17.458924459935 0.9968155
17.474152479525 0.99966973
17.489380499115 0.9994858
17.504608518705002 0.9940774
17.519836538295 0.9939519
17.535064557885 0.99175
17.550292577475002 0.997145
17.565520597065 1.0035709
17.580748616655 0.99745005
17.595976636245002 0.9997113
17.611204655835 1.0014403
17.626432675425 1.0049802
17.641660695015002 0.99403614
17.656888714605 0.9978756
17.672116734195 0.98955774
17.687344753785002 1.005828
17.702572773375 0.99364984
17.717800792965 0.9970745
17.733028812555002 0.9982237
17.748256832145 0.99883616
17.763484851735 0.999959
17.778712871325002 0.9920908
17.793940890915 1.0026346
17.809168910505 1.0017618
17.824396930095002 0.9939923
17.839624949685 0.9981635
17.854852969275 0.9992836
17.870080988865002 1.0020528
17.885309008455 0.99432987
17.900537028045 0.9982705
17.915765047635002 1.0022452
17.930993067225 1.0049034
17.946221086815 1.0029714
17.961449106405002 0.99853146
17.976677125995 0.9997377
17.991905145585 0.9994518
18.007133165175002 1.0067955
18.022361184765 1.0030657
18.037589204355 1.0090413
18.052817223945002 1.0071793
18.068045243535 1.0040082
18.083273263125 0.9986869
18.098501282715002 1.0028036
18.113729302305 1.004992
18.128957321895 1.0051664
18.144185341485002 0.9982527
18.159413361075 0.9943269
18.174641380665 0.9919487
18.189869400255002 0.9917904
18.205097419845 0.99814916
18.220325439435 1.0000265
18.235553459025002 1.0012668
18.250781478615 0.9997223
18.266009498205 1.0029943
18.281237517795002 1.0020127
18.296465537385 1.0026267
18.311693556975 1.0037987
18.326921576565002 0.9997487
18.342149596155 1.0078374
18.357377615745 0.9990107
18.372605635335002 0.9978512
18.387833654925 1.0034544
18.403061674515 0.9999103
18.418289694105002 1.0094516
18.433517713695 1.0025507
18.448745733285 1.0000665
18.463973752875003 0.99998254
18.479201772465 1.0044926
18.494429792055 1.00079
18.509657811645003 1.0022279
18.524885831235 1.000718
18.540113850825 1.0020573
18.555341870415003 0.9952936
18.570569890005 1.0054771
18.585797909595 0.99760664
18.601025929185003 1.0043943
18.616253948775 0.99991435
18.631481968365 1.0029666
18.646709987955003 0.9946348
18.661938007545 0.9969021
18.677166027135 1.0059681
18.692394046725003 1.0011113
18.707622066315 1.0076274
18.722850085905 1.0089135
18.738078105495003 1.0073935
18.753306125085 1.0093722
18.768534144675 0.9993455
18.783762164265003 0.99751824
18.798990183855 0.99864095
18.814218203445 1.0033494
18.829446223035003 0.9989389
18.844674242625 1.0025834
18.859902262215 1.0053177
18.875130281805003 1.0043569
18.890358301395 1.004116
18.905586320985 0.996587
18.920814340575 1.0013536
18.936042360165 1.0007648
18.951270379755 1.000031
18.966498399345 0.99525607
18.981726418935 1.0002795
18.996954438525 1.00588
19.012182458115 1.0021566
19.027410477705 1.0004086
19.042638497295002 1.0035981
19.057866516885 1.0006412
19.073094536475 1.0034294
19.088322556065002 1.003164
19.103550575655 0.9979393
19.118778595245 0.99636453
19.134006614835002 0.999151
19.149234634425 1.0011857
19.164462654015 1.0010905
19.179690673605002 1.0089428
19.194918693195 1.0036658
19.210146712785 1.0008421
19.225374732375002 0.99911565
19.240602751965 0.99518937
19.255830771555 1.0028981
19.271058791145002 1.006694
19.286286810735 1.005133
19.301514830325 1.0056957
19.316742849915002 0.9993587
19.331970869505 1.0022075
19.347198889095 1.0025449
19.362426908685002 1.0042473
19.377654928275 1.0034496
19.392882947865 0.9999967
19.408110967455002 1.0022467
19.423338987045 1.0033933
19.438567006635 1.0016003
19.453795026225002 1.0067084
19.469023045815 0.99921423
19.484251065405 0.99871385
19.499479084995002 1.0029185
19.514707104585 0.99629945
19.529935124175 0.99777704
19.545163143765002 1.0040958
19.560391163355 1.0029569
19.575619182945 1.0032943
19.590847202535002 1.0031116
19.606075222125 0.99929523
19.621303241715 0.99232394
19.636531261305002 1.0052593
19.651759280895 0.99958456
19.666987300485 0.999092
19.682215320075002 0.9992074
19.697443339665 1.0088254
19.712671359255 0.9976163
19.727899378845002 1.0002699
19.743127398435 0.9999218
19.758355418025 1.0009134
19.773583437615002 0.99938565
19.788811457205 0.9967662
19.804039476795 0.9996883
19.819267496385002 0.9995375
19.834495515975 1.0020983
19.849723535565 1.0081946
19.864951555155002 0.998975
19.880179574745 0.9983451
19.895407594335 1.0004646
19.910635613925002 1.0029325
19.925863633515 1.0009522
19.941091653105 1.0072769
19.956319672695003 0.9964285
19.971547692285 1.0019122
19.986775711875 1.0027299
20.002003731465003 1.002328
20.017231751055 1.0012343
20.032459770645 1.004809
20.047687790235003 1.0000426
20.062915809825 0.99908376
20.078143829415 0.99817866
20.093371849005003 0.99758613
20.108599868595 1.0045356
20.123827888185 1.0090348
20.139055907775003 0.99813366
20.154283927365 0.9973084
20.169511946955 0.994993
20.184739966545003 0.9980241
20.199967986135 1.0038522
20.215196005725 0.9988078
20.230424025315003 1.0005764
20.245652044905 0.99912286
20.260880064495 1.0005776
20.276108084085003 1.0031465
20.291336103675 1.0001551
20.306564123265 1.0062664
20.321792142855003 1.0000346
20.337020162445 0.9954897
20.352248182035 1.0001881
20.367476201625003 0.99637306
20.382704221215 0.99926615
20.397932240805 0.9970707
20.413160260395003 0.9947552
20.428388279985 0.99972755
20.443616299575 1.004221
20.458844319165003 0.9931668
20.474072338755 1.003182
20.489300358345 0.99520016
20.504528377935003 1.0019957
20.519756397525 0.99991274
20.534984417115 1.001246
20.550212436705 0.9934956
20.565440456295 1.0013868
20.580668475885002 0.99801606
20.595896495475 1.0009181
20.611124515065 0.9987256
20.626352534655002 0.9992186
20.641580554245 0.99735194
20.656808573835 1.003053
20.672036593425002 0.9966675
20.687264613015 0.9917297
20.702492632605 1.0031953
20.717720652195002 0.9984187
20.732948671785 1.0032922
20.748176691375 0.9969356
20.763404710965002 0.9973543
20.778632730555 0.9968138
20.793860750145 0.993068
20.809088769735002 0.99666417
20.824316789325 0.99556893
20.839544808915 1.0001124
20.854772828505002 1.0037637
20.870000848095 1.001819
20.885228867685 0.99848795
20.900456887275002 0.9950937
20.915684906865 0.9987507
20.930912926455 0.9975606
20.946140946045002 1.0002594
20.961368965635 0.99830663
20.976596985225 0.9941475
20.991825004815002 0.9907827
21.007053024405 0.9920611
21.022281043995 0.9937844
21.037509063585002 1.0007964
21.052737083175 0.9943808
21.067965102765 0.99749255
21.083193122355002 0.9942517
21.098421141945 1.0027813
21.113649161535 1.0007368
21.128877181125002 0.9940694
21.144105200715 0.998792
21.159333220305 1.0003691
21.174561239895002 1.0011239
21.189789259485 0.99697125
21.205017279075 1.0034267
21.220245298665002 0.99641144
21.235473318255 1.0015827
21.250701337845 1.0027076
21.265929357435002 1.0014918
21.281157377025 0.9986154
21.296385396615 1.0021584
21.311613416205002 0.99527955
21.326841435795 1.0005977
21.342069455385 1.0015473
21.357297474975002 0.99984443
21.372525494565 0.990897
21.387753514155 1.0014813
21.402981533745002 0.99676824
21.418209553335 0.99914825
21.433437572925 0.9951103
21.448665592515002 0.9898548
21.463893612105 0.9992366
21.479121631695 1.0033529
21.494349651285003 1.0054414
21.509577670875 0.99815077
21.524805690465 0.9998323
21.540033710055003 0.9979569
21.555261729645 0.99812335
21.570489749235 0.99597263
21.585717768825003 0.99814886
21.600945788415 0.998289
21.616173808005 0.9957076
21.631401827595003 0.99638534
21.646629847185 0.9990695
21.661857866775 0.9969408
21.677085886365003 1.0016962
21.692313905955 0.9986563
21.707541925545 0.99270463
21.722769945135003 1.0036615
21.737997964725 1.0001858
21.753225984315 0.99868655
21.768454003905003 0.99964094
21.783682023495 1.0018703
21.798910043085 0.99724585
21.814138062675003 1.0006136
21.829366082265 0.99889964
21.844594101855 1.0008287
21.859822121445003 0.99966466
21.875050141035 0.99514717
21.890278160625 0.99450535
21.905506180215003 0.9961425
21.920734199805 1.0001581
21.935962219395 1.0055637
21.951190238985003 1.002074
21.966418258575 1.0001323
21.981646278165 1.0026225
21.996874297755003 0.99191654
22.012102317345 0.99775565
22.027330336935 0.995083
22.042558356525003 0.99659365
22.057786376115 0.99714243
22.073014395705002 1.0062665
22.088242415295003 1.0024995
22.103470434885 1.0000908
22.118698454475002 0.9973885
22.133926474065003 1.0027535
22.149154493655 1.0005008
22.164382513245002 1.0002764
22.179610532835 1.0045068
22.194838552425 1.0003045
22.210066572015002 0.9989438
22.225294591605 0.9936469
22.240522611195 0.99634725
22.255750630785002 0.99976796
22.270978650375 1.0051293
22.286206669965 0.9951417
22.301434689555002 1.0006926
22.316662709145 1.0020896
22.331890728735 0.9952381
22.347118748325002 0.9940184
22.362346767915 0.9955519
22.377574787505 0.99773836
22.392802807095002 1.0011071
22.408030826685 1.0015178
22.423258846275 0.9895991
22.438486865865002 1.0031434
22.453714885455 1.0032876
22.468942905045 1.0017105
22.484170924635002 0.99484974
22.499398944225 0.9958903
22.514626963815 0.99591595
22.529854983405002 1.0041431
22.545083002995 1.0016448
22.560311022585 1.0001184
22.575539042175002 0.99961114
22.590767061765 0.99915564
22.605995081355 0.99768716
22.621223100945002 1.0092031
22.636451120535 0.9993018
22.651679140125 0.9992227
22.666907159715002 0.99934655
22.682135179305 0.9933894
22.697363198895 1.002738
22.712591218485002 1.0033609
22.727819238075 1.0017029
22.743047257665 1.004862
22.758275277255002 0.99897313
22.773503296845 0.9993219
22.788731316435 1.0033349
22.803959336025002 1.0006073
22.819187355615 1.0044856
22.834415375205 1.0052228
22.849643394795002 0.99537796
22.864871414385 1.001096
22.880099433975 0.9989046
22.895327453565002 1.0056486
22.910555473155 0.99962866
22.925783492745 1.0011374
22.941011512335002 1.0011604
22.956239531925 1.003634
22.971467551515 1.0088954
22.986695571105003 1.0026195
23.001923590695 1.0051281
23.017151610285 1.0025251
23.032379629875003 0.99827147
23.047607649465 1.0069177
23.062835669055 0.99968815
23.078063688645003 1.0007263
23.093291708235 1.0052525
23.108519727825 1.004506
23.123747747415003 1.0021172
23.138975767005 1.0022053
23.154203786595 0.99973625
23.169431806185003 0.9974774
23.184659825775 0.9986294
23.199887845365 1.0052099
23.215115864955003 1.0011158
23.230343884545 0.9969445
23.245571904135 1.0004399
23.260799923725003 0.9991304
23.276027943315 1.0033556
23.291255962905 1.0034807
23.306483982495003 0.9982795
23.321712002085 1.003458
23.336940021675 0.9990275
23.352168041265003 1.0047556
23.367396060855 1.0023832
23.382624080445 1.0018913
23.397852100035003 1.0028232
23.413080119625 1.0022062
23.428308139215 0.9997793
23.443536158805003 0.997177
23.458764178395 1.0056821
23.473992197985 1.0005903
23.489220217575003 0.9954824
23.504448237165 1.0022122
23.519676256755 1.0005176
23.534904276345003 1.0040866
23.550132295935 1.0057782
23.565360315525 1.0033014
23.580588335115003 1.0015638
23.595816354705 1.0009854
23.611044374295002 0.99783695
23.626272393885003 0.9997745
23.641500413475 0.9971487
23.656728433065002 1.0026507
23.671956452655003 1.0001104
23.687184472245 0.9940799
23.702412491835002 1.0020481
23.717640511425003 0.99123096
23.732868531015 0.99923646
23.748096550605002 0.9988736
23.763324570195003 0.99918693
23.778552589785 1.0018947
23.793780609375002 1.002599
23.809008628965 1.0024796
23.824236648555 1.0012629
23.839464668145002 0.9950234
23.854692687735 0.9988641
23.869920707325 0.9993802
23.885148726915002 0.9981246
23.900376746505 0.9961938
23.915604766095 1.0048388
23.930832785685002 1.002848
23.946060805275 0.9979789
23.961288824865 0.9951894
23.976516844455002 0.9922607
23.991744864045 0.99917984
24.006972883635 0.99660575
24.022200903225002 1.0045518
24.037428922815 0.9977663
24.052656942405 0.99662083
24.067884961995002 1.0001097
24.083112981585 1.0018935
24.098341001175 0.999727
24.113569020765002 1.0017391
24.128797040355 0.9991634
24.144025059945 1.0002005
24.159253079535002 0.9977481
24.174481099125 0.9988991
24.189709118715 1.0030946
24.204937138305002 1.0064663
24.220165157895 0.99520576
24.235393177485 0.99693877
24.250621197075002 1.0016462
24.265849216665 1.0010734
24.281077236255 1.0054339
24.296305255845002 0.9955526
24.311533275435 1.000943
24.326761295025 0.9972597
24.341989314615002 1.0020591
24.357217334205 1.0013267
24.372445353795 1.0009652
24.387673373385002 1.0008236
24.402901392975 0.99953103
24.418129412565 0.99853915
24.433357432155002 0.9992487
24.448585451745 0.9985906
24.463813471335 1.0061749
24.479041490925002 0.99655247
24.494269510515 1.0099775
24.509497530105 1.0044825
24.524725549695003 1.001157
24.539953569285 0.99944586
24.555181588875 1.001347
24.570409608465003 1.0003574
24.585637628055 1.0055739
24.600865647645 1.0030243
24.616093667235003 0.995163
24.631321686825 0.99301046
24.646549706415 1.0011004
24.661777726005003 0.9972329
24.677005745595 0.99860513
24.692233765185 1.0029672
24.707461784775003 0.9999662
24.722689804365 0.9983582
24.737917823955 0.9999927
24.753145843545003 0.9973456
24.768373863135 0.99850696
24.783601882725 1.0018958
24.798829902315003 0.99433786
24.814057921905 0.9951565
24.829285941495 0.9986026
24.844513961085003 0.99793816
24.859741980675 1.0020226
24.874970000265 0.99649346
24.890198019855003 0.9964312
24.905426039445 1.0004581
24.920654059035 1.0007097
24.935882078625003 0.9996645
24.951110098215 1.0033765
24.966338117805 0.99692494
24.981566137395003 0.996657
24.996794156985 1.0035629
25.012022176575 0.99571955
25.027250196165003 1.000529
25.042478215755 0.99549264
25.057706235345 1.0048543
25.072934254935003 1.0054812
25.088162274525 0.99758786
25.103390294115002 0.99881816
25.118618313705003 1.0047535
25.133846333295 0.9957697
25.149074352885002 0.9982526
25.164302372475003 1.0011334
25.179530392065 1.0032312
25.194758411655002 0.9950724
25.209986431245003 0.9979857
25.225214450835 0.99665785
25.240442470425002 0.9979022
25.255670490015003 0.99632204
25.270898509605 0.99963456
25.286126529195002 1.0052617
25.301354548785003 1.0037006
25.316582568375 0.99904966
25.331810587965002 0.9962757
25.347038607555003 1.0043112
25.362266627145 1.0017719
25.377494646735002 0.9971752
25.392722666325003 0.9971396
25.407950685915 0.9968521
25.423178705505002 1.0010642
25.438406725095003 1.0006582
25.453634744685 0.9993481
25.468862764275002 1.0025401
25.484090783865 0.99748445
25.499318803455 0.99881935
25.514546823045002 0.99974054
25.529774842635 1.003243
25.545002862225 0.9998189
25.560230881815002 0.99690664
25.575458901405 0.9994862
25.590686920995 1.0014758
25.605914940585002 1.0006201
25.621142960175 1.0000684
25.636370979765 0.99634194
25.651598999355002 0.99949163
25.666827018945 0.99875855
25.682055038535 0.9970273
25.697283058125002 1.0064124
25.712511077715 0.9964785
25.727739097305 0.9998746
25.742967116895002 1.0019122
25.758195136485 0.99472076
25.773423156075 1.0004907
25.788651175665002 0.9968635
25.803879195255 0.99877447
25.819107214845 1.0001075
25.834335234435002 0.9984351
25.849563254025 1.0018541
25.864791273615 0.9997677
25.880019293205002 0.9977481
25.895247312795 1.0000539
25.910475332385 1.0004135
25.925703351975002 0.99986905
25.940931371565 0.99878097
25.956159391155 0.99829257
25.971387410745002 1.0021162
25.986615430335 0.9982234
26.001843449925 1.0017351
26.017071469515002 0.9999214
26.032299489105 0.9952632
26.047527508695 0.99584985
26.062755528285003 0.9980284
26.077983547875 0.9961171
26.093211567465 1.0013081
26.108439587055003 1.0028567
26.123667606645 0.9962155
26.138895626235 0.99771154
26.154123645825003 0.99489075
26.169351665415 0.9953982
26.184579685005 1.0017171
26.199807704595003 1.0065193
26.215035724185 1.0011185
26.230263743775 1.0003366
26.245491763365003 0.9987053
26.260719782955 0.99707717
26.275947802545 1.0019598
26.291175822135003 0.99993676
26.306403841725 0.9982655
26.321631861315 0.99466467
26.336859880905003 0.9985521
26.352087900495 1.0038081
26.367315920085 0.99991053
26.382543939675003 1.0023487
26.397771959265 1.0015153
26.412999978855 1.0011555
26.428227998445003 1.0015523
26.443456018035 0.99917984
26.458684037625 0.9991657
26.473912057215003 0.9990017
26.489140076805 0.99939644
26.504368096395 0.9986058
26.519596115985003 0.9992591
26.534824135575 0.9970799
26.550052155165 1.0027556
26.565280174755003 1.0014879
26.580508194345 1.0035241
26.595736213935 1.0035954
26.610964233525003 1.0052242
26.626192253115 0.99779624
26.641420272705002 0.99860144
26.656648292295003 0.99509054
26.671876311885 0.99995434
26.687104331475002 1.0002162
26.702332351065003 1.0026996
26.717560370655 0.9993221
26.732788390245002 1.0022973
26.748016409835003 0.9989558
26.763244429425 0.99643916
26.778472449015002 1.0060943
26.793700468605003 1.0009801
26.808928488195 0.9982132
26.824156507785002 0.99863577
26.839384527375003 1.0045099
26.854612546965 0.9964662
26.869840566555002 0.9995245
26.885068586145003 1.002112
26.900296605735 0.99847686
26.915524625325002 0.99849534
26.930752644915003 0.9959673
26.945980664505 0.99920744
26.961208684095002 0.99822295
26.976436703685003 0.99889314
26.991664723275 1.0001571
27.006892742865002 1.00562
27.022120762455003 1.0017792
27.037348782045 1.0026188
27.052576801635002 0.9980311
27.067804821225003 1.0001281
27.083032840815 1.0003088
27.098260860405002 1.0002605
27.113488879995 1.0044806
27.128716899585 1.0023227
27.143944919175002 1.0019864
27.159172938765 0.9970693
27.174400958355 0.9991679
27.189628977945002 1.0059733
27.204856997535 0.9968472
27.220085017125 1.0007726
27.235313036715002 1.0009019
27.250541056305 1.0014952
27.265769075895 0.9981043
27.280997095485002 0.99820614
27.296225115075 1.0021472
27.311453134665 0.9992769
27.326681154255002 0.998969
27.341909173845 1.0049511
27.357137193435 0.99853516
27.372365213025002 0.9980597
27.387593232615 1.0021801
27.402821252205 1.0000356
27.418049271795002 0.9971857
27.433277291385 1.0036893
27.448505310975 0.99530727
27.463733330565002 0.99918985
27.478961350155 0.9982282
27.494189369745 1.0010737
27.509417389335002 1.0029862
27.524645408925 0.9992945
27.539873428515 1.0039759
27.555101448105003 0.99696964
27.570329467695 1.0029012
27.585557487285 0.99780756
27.600785506875003 1.0017602
27.616013526465 1.0011153
27.631241546055 1.0004848
27.646469565645003 1.0008132
27.661697585235 0.998987
27.676925604825 0.9991581
27.692153624415003 1.0007128
27.707381644005 0.9957227
27.722609663595 1.0038306
27.737837683185003 1.0003833
27.753065702775 1.0011125
27.768293722365 1.0065744
27.783521741955003 0.9995423
27.798749761545 1.0004036
27.813977781135 0.9998156
27.829205800725003 1.0039896
27.844433820315 1.0020214
27.859661839905 1.002227
27.874889859495003 0.9980088
27.890117879085 1.0010278
27.905345898675 1.0037776
27.920573918265003 0.9993551
27.935801937855 0.9964093
27.951029957445 0.9987317
27.966257977035003 0.9985338
27.981485996625 0.99985886
27.996714016215 0.99848455
28.011942035805003 1.0044651
28.027170055395 1.0032474
28.042398074985 0.99990326
28.057626094575003 1.004891
28.072854114165 1.00329
28.088082133755 1.0001936
28.103310153345003 1.0011697
28.118538172935 1.003863
28.133766192525 1.0026047
28.148994212115003 1.0001274
28.164222231705 1.001275
28.179450251295002 0.999732
28.194678270885003 0.99874455
28.209906290475 0.998337
28.225134310065002 0.9947651
28.240362329655003 0.99865085
28.255590349245 0.9982429
28.270818368835002 1.0016704
28.286046388425003 0.9970489
28.301274408015 1.0008479
28.316502427605002 1.000137
28.331730447195003 0.99233735
28.346958466785 1.0007555
28.362186486375002 1.0032054
28.377414505965003 1.0034347
28.392642525555 1.0056676
28.407870545145002 0.9984259
28.423098564735003 0.99808145
28.438326584325 0.9996387
28.453554603915002 1.0002552
28.468782623505003 0.9995404
28.484010643095 0.998762
28.499238662685002 1.0064597
28.514466682275003 0.99789697
28.529694701865 0.99619573
28.544922721455002 1.0012957
28.560150741045003 0.9971567
28.575378760635 0.9975482
28.590606780225002 0.99785525
28.605834799815003 0.998781
28.621062819405 0.998191
28.636290838995002 1.0023855
28.651518858585003 0.99948525
28.666746878175 1.0007341
28.681974897765002 0.9967025
28.697202917355003 0.9986175
28.712430936945 0.99729836
28.727658956535002 1.0062363
28.742886976125 0.9999154
28.758114995715 1.0023541
28.773343015305002 0.99990356
28.788571034895 0.9968454
28.803799054485 1.0007029
28.819027074075002 1.0038085
28.834255093665 1.0016601
28.849483113255 0.9992392
28.864711132845002 0.99903893
28.879939152435 0.999058
28.895167172025 1.0009371
28.910395191615002 0.99726087
28.925623211205 1.001081
28.940851230795 0.9993034
28.956079250385002 1.0010723
28.971307269975 1.0006995
28.986535289565 1.0005883
29.001763309155002 0.99417734
29.016991328745 0.9951158
29.032219348335 0.9993097
29.047447367925002 1.0016346
29.062675387515 0.9987708
29.077903407105 1.001981
29.093131426695003 0.9988498
29.108359446285 0.997947
29.123587465875 0.99824184
29.138815485465003 1.004314
29.154043505055 1.0013511
29.169271524645 0.9978469
29.184499544235003 0.99738926
29.199727563825 0.9976559
29.214955583415 1.000667
29.230183603005003 0.9996368
29.245411622595 1.0044608
29.260639642185 1.0010391
29.275867661775003 1.0013224
29.291095681365 1.0033298
29.306323700955 1.0022081
29.321551720545003 1.000772
29.336779740135 1.0043703
29.352007759725 0.9974334
29.367235779315003 1.0031676
29.382463798905 0.99519706
29.397691818495 0.999686
29.412919838085003 0.99749637
29.428147857675 0.99791986
29.443375877265 1.0013708
29.458603896855003 1.0079062
29.473831916445 0.99991053
29.489059936035 0.9994556
29.504287955625003 1.0029306
29.519515975215 0.99782044
29.534743994805 0.9992982
29.549972014395003 0.9993348
29.565200033985 1.001902
29.580428053575 1.0036025
29.595656073165003 1.0010353
29.610884092755 0.99923044
29.626112112345 1.0013322
29.641340131935003 0.9970531
29.656568151525 1.0034097
29.671796171115002 0.9959044
29.687024190705003 0.9962243
29.702252210295 0.9976931
29.717480229885002 1.000805
29.732708249475003 0.99734837
29.747936269065 0.9974919
29.763164288655002 1.0017029
29.778392308245003 0.9986614
29.793620327835 0.99884874
29.808848347425002 0.9974988
29.824076367015003 0.9987033
29.839304386605 1.0004922
29.854532406195002 0.99853873
29.869760425785003 0.9991096
29.884988445375 0.9987476
29.900216464965002 1.0007728
29.915444484555003 0.9990587
29.930672504145 1.0005238
29.945900523735002 0.9949511
29.961128543325003 0.99696416
29.976356562915 1.0017433
29.991584582505002 1.0010171
30.006812602095003 1.0003208
30.022040621685 0.9997415
30.037268641275002 1.0019978
30.052496660865003 1.002552
30.067724680455 1.0076927
30.082952700045002 1.0026153
30.098180719635003 0.99654317
30.113408739225 1.00199
30.128636758815002 0.99945617
30.143864778405003 0.9963743
30.159092797995 0.99900275
30.174320817585002 1.0001892
30.189548837175003 1.0050112
30.204776856765 1.0005467
30.220004876355002 0.9993553
30.235232895945003 0.9961518
30.250460915535 1.0043288
30.265688935125002 0.9993728
30.280916954715003 1.002612
30.296144974305 1.0022596
30.311372993895002 1.0010763
30.326601013485003 1.0025908
30.341829033075 1.0020278
30.357057052665002 0.9994392
30.372285072255 1.0033419
30.387513091845 0.9997252
30.402741111435002 0.9990748
30.417969131025 0.9996124
30.433197150615 0.99605966
30.448425170205002 0.9980312
